1500
1500
1500
1500
1500
1500
1500
1500
1500
1500
1500
1500
1500
1500
1500
1500
1500
1500
1500
1500
1500
1500
1500
1500
1500
1500
1500
1500
1500
1500
1500
1500
1500
1500
1500
1500
1500
1500
1500
1500
1500
1500
1500
1500
1500
1500
1500
1500
1500
1500
1500
1500
1500
1500
1500
1500
1500
1500
1500
1500
1500
1500
1500
1500
1500
1500
1500
1500
1500
1500
1500
1500
1500
1500
1500
1500
1500
1500
1500
1500
1500
1500
1500
1500
1500
1500
1500
1500
1500
1500
1500
1500
1500
1500
1500
1500
1500
1500
1500
1500
1500
1500
1500
1500
1500
1500
1500
1500
1500
1500
1500
1500
1500
1500
1500
1500
1500
1500
1500
1500
1500
1500
1500
1500
1500
1500
1500
1500
1500
1500
1500
1730
1900
1900
1900
1900
1900
1900
1500
1500
1500
1500
1500
1500
1500
1500
1500
1900
1900
1900
1900
1900
1900
1900
1900
1900
1900
1500
1500
1500
1500
1500
1500
1500
1500
1500
1500
1500
1651
1900
1900
1900
1900
1900
1900
1900
1900
1500
1500
1500
1500
1500
1500
1648
1900
1900
1900
1900
1900
1500
1500
1500
1500
1500
1686
1900
1900
1900
1900
1900
1900
1900
1900
1900
1900
1500
1500
1500
1500
1500
1500
1900
1900
1900
1900
1900
1900
1900
1900
1900
1900
1500
1500
1500
1500
1500
1500
1500
1500
1500
1500
1500
1500
1500
1500
1500
1500
1500
1500
1500
1500
1500
1500
1500
1900
1900
1900
1900
1900
1500
1500
1500
1500
1500
1500
1500
1900
1900
1900
1900
1900
1900
1900
1900
1900
1900
1900
1900
1900
1900
1500
1500
1500
1500
1500
1500
1500
1500
1500
1500
1500
1500
1500
1500
1500
1500
1500
1500
1500
1500
1500
1500
1500
1100
1100
1100
1100
1100
1100
1500
1500
1500
1500
1500
1500
1500
1500
1100
1100
1100
1100
1100
1100
1100
1100
1100
1500
1500
1500
1500
1500
1370
1100
1100
1100
1100
1149
1500
1500
1500
1500
1500
1500
1500
1500
1500
1500
1500
1500
1500
1500
1100
1100
1100
1100
1100
1100
1100
1100
1500
1500
1500
1500
1500
1500
1500
1500
1500
1500
1500
1500
1500
1500
1100
1100
1100
1500
1500
1500
1500
1500
1500
1500
1500
1500
1500
1500
1500
1500
1500
1500
1500
1500
1500
1500
1500
1500
1500
1500
1500
1500
1500
1500
1500
1500
1500
1500
1500
1500
1500
1500
1500
1500
1500
1500
1500
1500
1500
1500
1500
1500
1500
1500
1500
1500
1500
1500
1500
1500
1500
1500
1500
1500
1500
1500
1500
1500
1500
1500
1500
1500
1500
1500
1500
1500
1500
1500
1500
1500
1500
1500
1500
1500
1500
1500
1100
1100
1100
1100
1100
1500
1500
1500
1500
1500
1500
1500
1500
1500
1158
1100
1100
1100
1100
1500
1500
1500
1500
1500
1500
1500
1500
1500
1500
1500
1500
1500
1500
1215
1100
1100
1100
1100
1100
1100
1500
1500
1500
1500
1500
1500
1500
1500
1500
1500
1500
1100
1100
1100
1100
1100
1100
1100
1100
1100
1411
1500
1500
1500
1500
1500
1500
1500
1500
1100
1100
1100
1100
1100
1100
1100
1500
1500
1500
1500
1500
1500
1500
1500
1500
1357
1100
1100
1100
1100
1100
1500
1500
1500
1500
1500
1500
1500
1500
1500
1100
1100
1100
1100
1100
1100
1100
1100
1100
1500
1500
1500
1500
1500
1500
1500
1500
1500
1500
1100
1100
1100
1100
1100
1120
1500
1500
1500
1500
1500
1500
1500
1500
1500
1500
1436
1100
1100
1100
1100
1100
1500
1500
1500
1500
1500
1500
1500
1500
1100
1100
1100
1100
1100
1100
1100
1500
1500
1500
1500
1500
1500
1500
1100
1100
1100
1100
1100
1100
1500
1500
1500
1500
1500
1500
1100
1100
1100
1100
1100
1100
1278
1500
1500
1500
1500
1500
1500
1100
1100
1100
1100
1100
1500
1500
1500
1500
1500
1500
1240
1100
1100
1100
1100
1500
1500
1500
1500
1500
1253
1100
1100
1100
1100
1500
1500
1500
1500
1500
1155
1100
1100
1100
1364
1500
1500
1500
1500
1224
1100
1100
1100
1395
1500
1500
1500
1500
1379
1100
1100
1100
1500
1500
1500
1500
1500
1500
1100
1100
1100
1500
1500
1500
1500
1500
1500
1500
1500
1500
1500
1500
1500
1500
1500
1500
1500
1500
1500
1500
1500
1500
1500
1500
1500
1500
1500
1500
1500
1500
1500
1500
1500
1500
1500
1500
1500
1500
1500
1500
1500
1500
1500
1500
1500
1500
1500
1500
1500
1500
1500
1500
1500
1500
1500
1500
1500
1500
1500
1500
1500
1500
1500
1500
1500
1500
1500
1500
1500
1500
1500
1500
1500
1500
1500
1500
1500
1500
1500
1500
1341
1100
1100
1100
1100
1100
1100
1100
1100
1100
1100
1100
1100
1100
1100
1100
1100
1100
1100
1100
1100
1100
1100
1100
1100
1500
1500
1500
1500
1500
1332
1100
1100
1100
1100
1500
1500
1500
1500
1500
1500
1500
1100
1100
1100
1500
1500
1500
1500
1500
1500
1500
1500
1500
1500
1500
1500
1500
1500
1500
1500
1500
1500
1500
1500
1500
1500
1500
1500
1500
1500
1500
1500
1500
1500
1500
1500
1500
1500
1500
1500
1500
1500
1500
1900
1900
1900
1900
1900
1900
1900
1900
1900
1900
1500
1500
1500
1500
1500
1500
1677
1900
1900
1900
1900
1900
1900
1900
1900
1500
1500
1500
1500
1500
1500
1500
1500
1900
1900
1900
1900
1900
1900
1607
1500
1500
1500
1500
1500
1500
1500
1500
1500
1500
1500
1500
1900
1900
1900
1900
1900
1900
1900
1900
1900
1500
1500
1500
1500
1500
1500
1500
1500
1803
1900
1900
1900
1900
1900
1900
1900
1500
1500
1500
1500
1500
1500
1500
1500
1500
1885
1900
1900
1900
1900
1900
1900
1500
1500
1500
1500
1500
1500
1500
1500
1500
1900
1900
1900
1900
1900
1900
1900
1500
1500
1500
1500
1500
1500
1500
1860
1900
1900
1900
1900
1900
1500
1500
1500
1500
1500
1500
1900
1900
1900
1900
1900
1900
1500
1500
1500
1500
1500
1500
1816
1900
1900
1900
1500
1500
1500
1500
1500
1500
1500
1500
1500
1500
1500
1500
1500
1500
1500
1500
1500
1500
1500
1500
1500
1500
1500
1500
1500
1500
1500
1500
1500
1500
1500
1500
1500
1500
1500
1500
1500
1500
1500
1500
1500
1500
1500
1500
1500
1500
1500
1500
1500
1500
1500
1500
1500
1500
1500
1500
1500
1500
1500
1500
1500
1500
1500
1500
1500
1500
1500
1500
1500
1500
1500
1500
1500
1500
1500
1500
1500
1500
1500
1500
1500
1500
1500
1500
1500
1500
1500
1500
1500
1500
1500
1500
1500
1500
1500
1500
1500
1500
1500
1500
1500
1500
1500
1500
1500
1500
1500
1500
1500
1500
1500
1500
1500
1376
1307
1307
1405
1500
1500
1500
1500
1500
1500
1332
1278
1500
1500
1500
1500
1500
1500
1500
1100
1100
1443
1500
1500
1500
1500
1500
1500
1500
1500
1500
1500
1500
1500
1500
1500
1500
1500
1500
1500
1500
1500
1500
1500
1500
1500
1500
1500
1500
1500
1500
1500
1500
1500
1500
1500
1500
1500
1500
1500
1500
1500
1715
1900
1900
1900
1900
1900
1900
1900
1900
1900
1900
1900
1900
1900
1900
1900
1900
1900
1500
1500
1500
1500
1500
1500
1500
1500
1500
1500
1500
1500
1500
1500
1500
1500
1500
1500
1500
1500
1500
1500
1500
1900
1900
1900
1900
1900
1900
1900
1900
1900
1500
1500
1500
1500
1500
1500
1500
1500
1500
1500
1835
1900
1900
1900
1900
1900
1900
1500
1500
1500
1500
1500
1500
1500
1500
1620
1746
1847
1847
1500
1500
1500
1500
1500
1500
1500
1500
1500
1500
1620
1620
1610
1500
1500
1500
1500
1500
1500
1500
1500
1500
1500
1500
1500
1500
1500
1500
1500
1500
1500
1500
1500
1500
1500
1500
1500
1500
1500
1500
1500
1500
1500
1500
1500
1500
1500
1500
1500
1500
1500
1500
1500
1500
